50 3 1
0.86 0.32 0.33 0.67
0.58 0.86 0.33 0.33
0.96 0.85 0.67 0.67
0.80 0.53 0.33 0.67 
0.84 0.94 1.00 1.00 
0.60 0.61 0.67 0.33
0.45 0.28 0.33 1.00 
0.84 0.30 0.67 0.67 
0.46 0.82 1.00 1.00 
0.70 0.51 0.33 0.33
0.46 0.54 1.00 0.33
0.68 0.88 1.00 1.00
0.22 0.89 0.67 0.67
0.96 0.78 0.33 0.33
0.43 0.91 0.33 0.33
0.79 1.00 0.33 0.33
0.28 0.91 1.00 1.00
0.98 0.74 1.00 0.67
0.52 0.32 1.00 0.33
0.78 0.40 1.00 1.00
0.28 0.73 1.00 0.33
0.67 0.93 0.33 0.33
0.96 0.36 1.00 0.67
0.30 0.84 0.33 0.33
0.53 0.85 1.00 0.33
0.91 0.66 0.67 0.67
0.71 0.92 0.67 0.67
0.91 0.96 0.33 0.33
0.73 0.38 0.67 0.33
0.35 0.79 1.00 1.00
0.65 0.96 0.67 0.67
0.35 0.78 0.67 0.67
0.72 0.76 1.00 1.00
0.58 0.78 0.67 0.67
0.21 0.98 1.00 1.00
0.82 0.72 0.67 0.67
0.87 0.87 0.67 0.67
0.62 0.87 0.33 0.33
0.67 0.80 0.67 0.67
0.58 0.71 0.67 0.33
0.82 0.95 0.67 0.67
0.90 0.61 1.00 0.67
0.72 0.80 0.33 0.33
0.76 0.47 0.33 0.67
0.65 0.85 1.00 1.00
0.54 0.90 0.33 0.33
0.35 0.46 0.67 0.33
0.97 0.96 1.00 1.00
0.41 0.91 0.67 0.67
0.37 0.44 0.33 0.33
