21
-1.080497872		
1.023255122		-1.080497872	
0.375437816		1.023255122		-1.080497872
-0.276158428	0.375437816		1.023255122
0.41585358		-0.276158428	0.375437816
-0.224773651	0.41585358		-0.276158428
-0.235217028	-0.224773651	0.41585358
-0.506172897	-0.235217028	-0.224773651
0.148280063		-0.506172897	-0.235217028
-0.915062412	0.148280063		-0.506172897
1.144065327		-0.915062412	0.148280063
0.077905026		1.144065327		-0.915062412
-0.512182756	0.077905026		1.144065327
-0.162710696	-0.512182756	0.077905026
0.460236534		-0.162710696	-0.512182756
-0.517593537	0.460236534		-0.162710696
-0.443770039	-0.517593537	0.460236534
-0.267535629	-0.443770039	-0.517593537
0.206616426		-0.267535629	-0.443770039
-0.656542532	0.206616426		-0.267535629
-0.351725246	-0.656542532	0.206616426
				-0.351725246	-0.656542532
								-0.351725246
