252 3 1							
												-1.041828016
-1.041828016									-0.491262024
-0.491262024	-1.041828016		 			 0.086103213
0.086103213		-0.491262024	-1.041828016	 0.329865755
0.329865755		0.086103213	-0.491262024	-0.013931591
-0.013931591	0.329865755	 0.086103213	 0.174331737
0.174331737		-0.013931591	0.329865755	0.379599952
0.379599952		0.174331737	-0.013931591	0.454925866
0.454925866		0.379599952	0.174331737	2.345199976
2.345199976		0.454925866	0.379599952	1.994645743
1.994645743		2.345199976	0.454925866	-0.856170356
-0.856170356	1.994645743	2.345199976	-0.638307171
-0.638307171	-0.856170356	1.994645743	-1.648080023
-1.648080023	-0.638307171	-0.856170356	0.451520942
0.451520942	-1.648080023	-0.638307171	-1.662276681
-1.662276681	0.451520942	-1.648080023	-0.023788049
-0.023788049	-1.662276681	0.451520942	-0.730960757
-0.730960757	-0.023788049	-1.662276681	0.166244805
0.166244805	-0.730960757	-0.023788049	-0.116324766
-0.116324766	0.166244805	-0.730960757	0.375062247
0.375062247	-0.116324766	0.166244805	0.634395862
0.634395862	0.375062247	-0.116324766	-0.687632383
-0.687632383	0.634395862	0.375062247	-0.254890734
-0.254890734	-0.687632383	0.634395862	0.279813047
0.279813047	-0.254890734	-0.687632383	-0.115135386
-0.115135386	0.279813047	-0.254890734	0.285584406
0.285584406	-0.115135386	0.279813047	0.520959535
0.520959535	0.285584406	-0.115135386	0.19632342
0.19632342	0.520959535	0.285584406	-0.150341581
-0.150341581	0.19632342	0.520959535	0.510776038
0.510776038	-0.150341581	0.19632342	0.073481867
0.073481867	0.510776038	-0.150341581	0.024021238
0.024021238	0.073481867	0.510776038	0.052956413
0.052956413	0.024021238	0.073481867	-0.070160873
-0.070160873	0.052956413	0.024021238	0.069620919
0.069620919	-0.070160873	0.052956413	0.311047951
0.311047951	0.069620919	-0.070160873	0.034946405
0.034946405	0.311047951	0.069620919	0.376131229
0.376131229	0.034946405	0.311047951	0.566818559
0.566818559	0.376131229	0.034946405	-0.283787241
-0.283787241	0.566818559	0.376131229	-0.011893587
-0.011893587	-0.283787241	0.566818559	1.159536406
1.159536406	-0.011893587	-0.283787241	0.619154982
0.619154982	1.159536406	-0.011893587	-0.138727737
-0.138727737	0.619154982	1.159536406	1.179821336
1.179821336	-0.138727737	0.619154982	-0.150382641
-0.150382641	1.179821336	-0.138727737	0.700404682
0.700404682	-0.150382641	1.179821336	1.215384385
1.215384385	0.700404682	-0.150382641	-0.735300222
-0.735300222	1.215384385	0.700404682	1.919868254
1.919868254	-0.735300222	1.215384385	0.905982632
0.905982632	1.919868254	-0.735300222	1.272021872
1.272021872	0.905982632	1.919868254	0.014495694
0.014495694	1.272021872	0.905982632	-0.81664659
-0.81664659	0.014495694	1.272021872	0.157637593
0.157637593	-0.81664659	0.014495694	-1.674366321
-1.674366321	0.157637593	-0.81664659	-1.158365691
-1.158365691	-1.674366321	0.157637593	-2.109731555
-2.109731555	-1.158365691	-1.674366321	1.716197387
1.716197387	-2.109731555	-1.158365691	-1.53583641
-1.53583641	1.716197387	-2.109731555	-0.156761336
-0.156761336	-1.53583641	1.716197387	1.104221746
1.104221746	-0.156761336	-1.53583641	0.000514344
0.000514344	1.104221746	-0.156761336	-1.342644209
-1.342644209	0.000514344	1.104221746	-0.279371182
-0.279371182	-1.342644209	0.000514344	-0.255330512
-0.255330512	-0.279371182	-1.342644209	0.850290552
0.850290552	-0.255330512	-0.279371182	-1.643449822
-1.643449822	0.850290552	-0.255330512	0.777162019
0.777162019	-1.643449822	0.850290552	-0.581006314
-0.581006314	0.777162019	-1.643449822	-0.807805519
-0.807805519	-0.581006314	0.777162019	-0.047749751
-0.047749751	-0.807805519	-0.581006314	0.486737286
0.486737286	-0.047749751	-0.807805519	0.129396727
0.129396727	0.486737286	-0.047749751	0.742877625
0.742877625	0.129396727	0.486737286	-0.071065605
-0.071065605	0.742877625	0.129396727	-0.599832376
-0.599832376	-0.071065605	0.742877625	0.088112846
0.088112846	-0.599832376	-0.071065605	0.363282885
0.363282885	0.088112846	-0.599832376	-0.658812858
-0.658812858	0.363282885	0.088112846	-0.308258735
-0.308258735	-0.658812858	0.363282885	0.501065253
0.501065253	-0.308258735	-0.658812858	-0.15367792
-0.15367792	0.501065253	-0.308258735	-0.07797483
-0.07797483	-0.15367792	0.501065253	-0.054436242
-0.054436242	-0.07797483	-0.15367792	0.330942613
0.330942613	-0.054436242	-0.07797483	-0.169276171
-0.169276171	0.330942613	-0.054436242	0.00499845
0.00499845	-0.169276171	0.330942613	0.104997749
0.104997749	0.00499845	-0.169276171	0.476496546
0.476496546	0.104997749	0.00499845	-0.199656556
-0.199656556	0.476496546	0.104997749	0.294121324
0.294121324	-0.199656556	0.476496546	0.247168853
0.247168853	0.294121324	-0.199656556	0.497577015
0.497577015	0.247168853	0.294121324	0.845949825
0.845949825	0.497577015	0.247168853	-0.006137663
-0.006137663	0.845949825	0.497577015	0.432700967
0.432700967	-0.006137663	0.845949825	0.66624739
0.66624739	0.432700967	-0.006137663	-0.163932463
-0.163932463	0.66624739	0.432700967	0.275183171
0.275183171	-0.163932463	0.66624739	1.139994532
1.139994532	0.275183171	-0.163932463	-0.558766859
-0.558766859	1.139994532	0.275183171	0.001563815
0.001563815	-0.558766859	1.139994532	-0.978019559
-0.978019559	0.001563815	-0.558766859	0.713771916
0.713771916	-0.978019559	0.001563815	-0.286731939
-0.286731939	0.713771916	-0.978019559	-2.040737211
-2.040737211	-0.286731939	0.713771916	0.0060909
0.0060909	-2.040737211	-0.286731939	-0.454838104
-0.454838104	0.0060909	-2.040737211	0.028807171
0.028807171	-0.454838104	0.0060909	-0.487277928
-0.487277928	0.028807171	-0.454838104	0.048791739
0.048791739	-0.487277928	0.028807171	0.175136561
0.175136561	0.048791739	-0.487277928	0.499111375
0.499111375	0.175136561	0.048791739	-0.232564665
-0.232564665	0.499111375	0.175136561	1.016063749
1.016063749	-0.232564665	0.499111375	-1.197574769
-1.197574769	1.016063749	-0.232564665	0.418350965
0.418350965	-1.197574769	1.016063749	-0.193583624
-0.193583624	0.418350965	-1.197574769	0.482020642
0.482020642	-0.193583624	0.418350965	0.146876202
0.146876202	0.482020642	-0.193583624	-0.414820825
-0.414820825	0.146876202	0.482020642	0.462279832
0.462279832	-0.414820825	0.146876202	-0.709884009
-0.709884009	0.462279832	-0.414820825	-0.393897652
-0.393897652	-0.709884009	0.462279832	0.544964659
0.544964659	-0.393897652	-0.709884009	0.065837934
0.065837934	0.544964659	-0.393897652	0.663347372
0.663347372	0.065837934	0.544964659	-0.037239559
-0.037239559	0.663347372	0.065837934	0.190722405
0.190722405	-0.037239559	0.663347372	-0.11802751
-0.11802751	0.190722405	-0.037239559	0.487364259
0.487364259	-0.11802751	0.190722405	-0.647699214
-0.647699214	0.487364259	-0.11802751	-0.013248175
-0.013248175	-0.647699214	0.487364259	0.172707057
0.172707057	-0.013248175	-0.647699214	0.127584871
0.127584871	0.172707057	-0.013248175	0.765975644
0.765975644	0.127584871	0.172707057	0.216785927
0.216785927	0.765975644	0.127584871	0.083600562
0.083600562	0.216785927	0.765975644	0.312476701
0.312476701	0.083600562	0.216785927	-0.713950506
-0.713950506	0.312476701	0.083600562	-0.354959589
-0.354959589	-0.713950506	0.312476701	-0.024604442
-0.024604442	-0.354959589	-0.713950506	0.093789121
0.093789121	-0.024604442	-0.354959589	0.460644096
0.460644096	0.093789121	-0.024604442	0.648297633
0.648297633	0.460644096	0.093789121	0.18880921
0.18880921	0.648297633	0.460644096	-0.037936068
-0.037936068	0.18880921	0.648297633	0.072729706
0.072729706	-0.037936068	0.18880921	0.184028504
0.184028504	0.072729706	-0.037936068	0.533845817
0.533845817	0.184028504	0.072729706	-0.111531431
-0.111531431	0.533845817	0.184028504	0.595216553
0.595216553	-0.111531431	0.533845817	0.423041934
0.423041934	0.595216553	-0.111531431	0.235666293
0.235666293	0.423041934	0.595216553	0.805075807
0.805075807	0.235666293	0.423041934	-0.654090349
-0.654090349	0.805075807	0.235666293	0.383006088
0.383006088	-0.654090349	0.805075807	0.373297746
0.373297746	0.383006088	-0.654090349	-0.945027834
-0.945027834	0.373297746	0.383006088	-0.472320898
-0.472320898	-0.945027834	0.373297746	0.042158003
0.042158003	-0.472320898	-0.945027834	0.958007211
0.958007211	0.042158003	-0.472320898	0.151717081
0.151717081	0.958007211	0.042158003	-0.137551436
-0.137551436	0.151717081	0.958007211	0.558509976
0.558509976	-0.137551436	0.151717081	-0.906991587
-0.906991587	0.558509976	-0.137551436	0.186772093
0.186772093	-0.906991587	0.558509976	-0.135026579
-0.135026579	0.186772093	-0.906991587	-0.014328176
-0.014328176	-0.135026579	0.186772093	0.298309145
0.298309145	-0.014328176	-0.135026579	0.473819947
0.473819947	0.298309145	-0.014328176	0.322559808
0.322559808	0.473819947	0.298309145	-0.816247762
-0.816247762	0.322559808	0.473819947	0.171401729
0.171401729	-0.816247762	0.322559808	-0.221822339
-0.221822339	0.171401729	-0.816247762	0.407546157
0.407546157	-0.221822339	0.171401729	0.376092556
0.376092556	0.407546157	-0.221822339	0.136199535
0.136199535	0.376092556	0.407546157	1.037962444
1.037962444	0.136199535	0.376092556	0.6711953
0.6711953	1.037962444	0.136199535	0.81503128
0.81503128	0.6711953	1.037962444	-0.957763471
-0.957763471	0.81503128	0.6711953	-2.133027415
-2.133027415	-0.957763471	0.81503128	1.080029293
1.080029293	-2.133027415	-0.957763471	0.373653974
0.373653974	1.080029293	-2.133027415	-1.086693328
-1.086693328	0.373653974	1.080029293	-1.269646743
-1.269646743	-1.086693328	0.373653974	-0.112772014
-0.112772014	-1.269646743	-1.086693328	0.284520807
0.284520807	-0.112772014	-1.269646743	0.69901427
0.69901427	0.284520807	-0.112772014	0.786180462
0.786180462	0.69901427	0.284520807	0.461878965
0.461878965	0.786180462	0.69901427	-0.190370134
-0.190370134	0.461878965	0.786180462	-0.704966942
-0.704966942	-0.190370134	0.461878965	0.438463032
0.438463032	-0.704966942	-0.190370134	-0.48884913
-0.48884913	0.438463032	-0.704966942	-0.294129714
-0.294129714	-0.48884913	0.438463032	0.600423606
0.600423606	-0.294129714	-0.48884913	-0.616947816
-0.616947816	0.600423606	-0.294129714	0.716786968
0.716786968	-0.616947816	0.600423606	0.952209262
0.952209262	0.716786968	-0.616947816	-0.282976269
-0.282976269	0.952209262	0.716786968	-1.18396316
-1.18396316	-0.282976269	0.952209262	0.030507762
0.030507762	-1.18396316	-0.282976269	-0.510809902
-0.510809902	0.030507762	-1.18396316	-0.046346094
-0.046346094	-0.510809902	0.030507762	0.053780004
0.053780004	-0.046346094	-0.510809902	0.171546004
0.171546004	0.053780004	-0.046346094	-0.005335386
-0.005335386	0.171546004	0.053780004	1.503810401
1.503810401	-0.005335386	0.171546004	-0.743335761
-0.743335761	1.503810401	-0.005335386	0.277496686
0.277496686	-0.743335761	1.503810401	0.492372003
0.492372003	0.277496686	-0.743335761	0.002169947
0.002169947	0.492372003	0.277496686	-0.134950031
-0.134950031	0.002169947	0.492372003	0.614847565
0.614847565	-0.134950031	0.002169947	-0.192241198
-0.192241198	0.614847565	-0.134950031	0.599529771
0.599529771	-0.192241198	0.614847565	-0.656733288
-0.656733288	0.599529771	-0.192241198	0.115713346
0.115713346	-0.656733288	0.599529771	0.478619895
0.478619895	0.115713346	-0.656733288	0.577646353
0.577646353	0.478619895	0.115713346	-0.026933478
-0.026933478	0.577646353	0.478619895	1.094108202
1.094108202	-0.026933478	0.577646353	0.156677597
0.156677597	1.094108202	-0.026933478	1.312726944
1.312726944	0.156677597	1.094108202	1.228694583
1.228694583	1.312726944	0.156677597	-0.203234453
-0.203234453	1.228694583	1.312726944	0.758314515
0.758314515	-0.203234453	1.228694583	-2.336539658
-2.336539658	0.758314515	-0.203234453	-0.650737142
-0.650737142	-2.336539658	0.758314515	1.114151269
1.114151269	-0.650737142	-2.336539658	-1.031453585
-1.031453585	1.114151269	-0.650737142	0.61031749
0.61031749	-1.031453585	1.114151269	-0.490018844
-0.490018844	0.61031749	-1.031453585	-2.132052414
-2.132052414	-0.490018844	0.61031749	-0.896930988
-0.896930988	-2.132052414	-0.490018844	0.057453466
0.057453466	-0.896930988	-2.132052414	0.276607976
0.276607976	0.057453466	-0.896930988	-0.391040637
-0.391040637	0.276607976	0.057453466	-0.134893736
-0.134893736	-0.391040637	0.276607976	0.513963578
0.513963578	-0.134893736	-0.391040637	1.070219587
1.070219587	0.513963578	-0.134893736	-1.273639216
-1.273639216	1.070219587	0.513963578	0.230137812
0.230137812	-1.273639216	1.070219587	0.03481881
0.03481881	0.230137812	-1.273639216	-0.021225422
-0.021225422	0.03481881	0.230137812	0.60450002
0.60450002	-0.021225422	0.03481881	-0.251809201
-0.251809201	0.60450002	-0.021225422	-0.033307579
-0.033307579	-0.251809201	0.60450002	
		-0.033307579	-0.251809201	
				-0.033307579	